#Speed,AODV,OLSR
1,0.808251,0.732477
2,0.370448,0.239949
3,1.37234,0.862976
4,1.91118,0.955588
5,1.99116,0.871395
6,1.88171,0.70722
7,1.35129,0.311513
8,1.53231,0.378868
9,1.38497,0.260998
10,0.900863,0.181015
11,1.38076,0.218901
12,1.51547,0.172595
13,2.17638,0.362029
14,2.31109,0.505157
15,2.17217,0.58935
16,2.269,0.526205
17,2.38687,0.606188
18,2.21427,0.660913
19,2.95096,0.837718
20,2.87939,0.858767
21,3.20354,0.837718
22,2.65207,0.804041
23,2.39949,0.761945
24,2.33635,0.724058
25,2.24795,0.681962
26,2.31951,0.58935
27,2.42054,0.593559
28,2.37003,0.492528
29,2.43738,0.500947
30,2.78257,0.517786
31,2.4458,0.568301
32,2.46264,0.442012
33,2.42475,0.446222
34,2.72785,0.404125
35,1.86908,0.266617
36,2.41633,0.408335
37,2.73627,0.370448
38,1.91539,0.366239
39,1.85224,0.374658
40,1.89855,0.244159
41,1.67544,0.239949
42,2.51736,0.143128
43,1.6165,0.168386
44,0.997685,0.197853
45,2.32793,0.138918
46,1.65439,0.130499
47,2.07956,0.0968217
48,1.89013,0.101031
49,1.71332,0.11366
